0 0.031250 0.043880 0.965625 0.045964 0.968750 0.060547 0.031250 0.060547 0.029687 0.045964 0.012500 0.085547 0.012500 0.085547
0 0.967187 0.045964 0.956250 0.045964 0.957812 0.429297 0.968750 0.429297 0.971875 0.045964 0.964063 0.048047 0.964063 0.048047
0 0.967187 0.412630 0.032813 0.408464 0.032813 0.427214 0.968750 0.429297 0.968750 0.429297
0 0.420312 0.062630 0.418750 0.408464 0.432812 0.408464 0.431250 0.060547 0.431250 0.060547
0 0.646875 0.062630 0.659375 0.062630 0.656250 0.408464 0.645312 0.410547 0.646875 0.058464 0.646875 0.058464
0 0.281250 0.431380 0.282813 0.958464 0.293750 0.958464 0.295312 0.429297 0.295312 0.429297
0 0.281250 0.943880 0.715625 0.941797 0.718750 0.962630 0.282813 0.958464 0.282813 0.958464
0 0.707812 0.958464 0.706250 0.429297 0.720313 0.431380 0.720313 0.958464 0.720313 0.958464
0 0.467187 0.429297 0.478125 0.429297 0.476562 0.956380 0.465625 0.958464 0.465625 0.427214 0.465625 0.427214
0 0.031250 0.059852 0.043750 0.059852 0.043750 0.407769 0.032813 0.411936 0.032813 0.409852
1 0.478125 0.039019 0.553125 0.039019 0.553125 0.061936 0.475000 0.064019 0.475000 0.064019
1 0.643750 0.193186 0.659375 0.191102 0.659375 0.330686 0.642188 0.330686 0.642188 0.330686
1 0.956250 0.239019 0.968750 0.239019 0.971875 0.322352 0.956250 0.322352 0.954688 0.236936 0.954688 0.239019
1 0.281250 0.647352 0.295312 0.649436 0.295312 0.780686 0.278125 0.780686 0.281250 0.647352 0.281250 0.647352
1 0.593750 0.939019 0.684375 0.941102 0.681250 0.955686 0.593750 0.960547 0.595313 0.954297 0.596875 0.958464 0.596875 0.966797 0.596875 0.966797
2 0.337500 0.408464 0.337500 0.431380 0.390625 0.431380 0.392188 0.408464 0.389062 0.408464 0.389062 0.408464
2 0.418750 0.211241 0.431250 0.211241 0.431250 0.286241 0.417187 0.286241 0.417187 0.286241
2 0.531250 0.411241 0.585938 0.411241 0.584375 0.432075 0.529687 0.432075 0.529687 0.432075
2 0.779687 0.411241 0.834375 0.409158 0.832812 0.432075 0.779687 0.427908 0.779687 0.427908
2 0.464062 0.633464 0.478125 0.633464 0.478125 0.708464 0.462500 0.708464 0.462500 0.708464
