0 0.044792 0.283482 0.957292 0.285863 0.957292 0.302530 0.046875 0.302530 0.042708 0.281101 0.042708 0.281101
0 0.057292 0.281101 0.044792 0.281101 0.044792 0.709673 0.057292 0.709673 0.057292 0.709673
0 0.044792 0.693006 0.955208 0.690625 0.955208 0.712054 0.048958 0.712054 0.048958 0.712054
0 0.957292 0.285863 0.959375 0.714435 0.944792 0.714435 0.940625 0.293006 0.940625 0.293006
0 0.255208 0.045387 0.267708 0.050149 0.269792 0.950149 0.255208 0.954911 0.255208 0.954911
0 0.744792 0.050149 0.257292 0.050149 0.253125 0.073958 0.748958 0.069196 0.748958 0.069196
0 0.744792 0.045387 0.742708 0.945387 0.732292 0.945387 0.734375 0.047768 0.734375 0.047768
0 0.261458 0.933482 0.746875 0.928720 0.746875 0.947768 0.263542 0.954911 0.263542 0.954911
0 0.517708 0.704911 0.509375 0.285863 0.498958 0.283482 0.501042 0.707292 0.501042 0.707292
0 0.548958 0.695387 0.548958 0.945387 0.534375 0.945387 0.532292 0.695387 0.532292 0.695387
1 0.496875 0.366815 0.517708 0.366815 0.517708 0.554911 0.494792 0.557292 0.494792 0.557292
1 0.938542 0.359673 0.961458 0.357292 0.965625 0.526339 0.940625 0.526339 0.940625 0.526339
1 0.109375 0.281101 0.109375 0.309673 0.226042 0.309673 0.221875 0.273958 0.221875 0.273958
1 0.036458 0.452530 0.059375 0.452530 0.063542 0.614435 0.038542 0.614435 0.038542 0.614435
1 0.248958 0.738244 0.271875 0.743006 0.276042 0.902530 0.248958 0.900149 0.248958 0.900149
1 0.361458 0.928720 0.359375 0.957292 0.473958 0.947768 0.478125 0.928720 0.478125 0.928720
1 0.248958 0.116815 0.273958 0.107292 0.271875 0.221577 0.253125 0.223958 0.253125 0.223958
2 0.348958 0.283482 0.419792 0.278720 0.421875 0.304911 0.342708 0.309673 0.342708 0.309673
2 0.586458 0.278720 0.655208 0.276339 0.659375 0.300149 0.584375 0.302530 0.584375 0.302530
2 0.730208 0.466815 0.748958 0.457292 0.746875 0.543006 0.726042 0.543006 0.726042 0.543006
2 0.619792 0.685863 0.617708 0.719196 0.692708 0.716815 0.688542 0.688244 0.688542 0.688244
2 0.336458 0.685863 0.336458 0.716815 0.413542 0.712054 0.411458 0.685863 0.411458 0.685863
2 0.251042 0.457292 0.269792 0.454911 0.273958 0.531101 0.253125 0.535863 0.253125 0.535863
2 0.530208 0.778720 0.551042 0.781101 0.548958 0.866815 0.532292 0.866815 0.532292 0.866815
