0 0.031250 0.047768 0.968750 0.045387 0.971528 0.064435 0.031250 0.064435 0.031250 0.064435
0 0.038194 0.043006 0.036806 0.945387 0.027083 0.950149 0.024306 0.047768 0.024306 0.047768
0 0.022917 0.457292 0.971528 0.454911 0.972917 0.476339 0.024306 0.476339 0.024306 0.476339
0 0.307639 0.043006 0.320139 0.040625 0.317361 0.469196 0.307639 0.473958 0.307639 0.473958
0 0.672917 0.050149 0.686806 0.045387 0.684028 0.471577 0.675694 0.473958 0.675694 0.473958
0 0.279861 0.450149 0.288194 0.445387 0.289583 0.950149 0.279861 0.950149 0.279861 0.950149
0 0.031250 0.923958 0.529861 0.931101 0.536806 0.943006 0.028472 0.950149 0.028472 0.950149
0 0.535417 0.450149 0.538194 0.943006 0.527083 0.947768 0.524306 0.445387 0.524306 0.445387
2 0.143750 0.452530 0.143750 0.478720 0.193750 0.478720 0.188194 0.457292 0.188194 0.457292
2 0.307639 0.266815 0.320139 0.264435 0.318750 0.307292 0.304861 0.312054 0.304861 0.312054
2 0.400694 0.447768 0.402083 0.471577 0.450694 0.478720 0.450694 0.452530 0.450694 0.452530
2 0.474306 0.454911 0.475694 0.478720 0.522917 0.478720 0.518750 0.452530 0.518750 0.452530
2 0.672917 0.207292 0.688194 0.207292 0.688194 0.288244 0.672917 0.290625 0.672917 0.290625
1 0.271528 0.547768 0.289583 0.550149 0.286806 0.678720 0.275694 0.678720 0.275694 0.678720
1 0.275694 0.697768 0.289583 0.695387 0.290972 0.826339 0.272917 0.821577 0.272917 0.821577
1 0.314583 0.919196 0.315972 0.947768 0.379861 0.950149 0.379861 0.923958 0.379861 0.923958
1 0.304861 0.121577 0.320139 0.121577 0.321528 0.259673 0.304861 0.262054 0.304861 0.262054
0 0.961806 0.047768 0.965972 0.473958 0.972917 0.473958 0.968750 0.043006 0.968750 0.043006
