2 0.398611 0.737951 0.413889 0.740729 0.412500 0.835174 0.400000 0.837951 0.400000 0.837951
2 0.620833 0.721285 0.633333 0.721285 0.634722 0.818507 0.622222 0.821285 0.622222 0.821285
2 0.819444 0.601840 0.866667 0.599062 0.868056 0.626840 0.819444 0.624062 0.819444 0.624062
2 0.220833 0.596285 0.268056 0.596285 0.268056 0.621285 0.219444 0.621285 0.219444 0.621285
2 0.083333 0.599062 0.133333 0.599062 0.131944 0.621285 0.086111 0.621285 0.086111 0.621285
2 0.094444 0.918507 0.141667 0.918507 0.143056 0.946285 0.094444 0.943507 0.094444 0.943507
1 0.284722 0.333044 0.298611 0.333044 0.298611 0.505266 0.287500 0.508044 0.286111 0.508044
1 0.505556 0.594155 0.573611 0.599711 0.576389 0.624711 0.505556 0.621933 0.505556 0.621933
1 0.830556 0.921933 0.905556 0.919155 0.906944 0.944155 0.833333 0.949711 0.833333 0.949711
1 0.197222 0.671933 0.211111 0.671933 0.212500 0.866377 0.198611 0.863600 0.198611 0.863600
0 0.029167 0.055266 0.295833 0.058044 0.295833 0.080266 0.027778 0.080266 0.027778 0.080266
0 0.036111 0.058044 0.040278 0.941377 0.027778 0.944155 0.027778 0.055266 0.027778 0.055266
0 0.025000 0.602488 0.970833 0.602488 0.970833 0.621933 0.026389 0.624711 0.026389 0.624711
0 0.297222 0.055266 0.298611 0.621933 0.284722 0.621933 0.284722 0.055266 0.284722 0.055266
0 0.201389 0.599711 0.201389 0.938600 0.211111 0.946933 0.212500 0.599711 0.212500 0.599711
0 0.402778 0.602488 0.415278 0.599711 0.411111 0.938600 0.401389 0.944155 0.401389 0.944155
0 0.623611 0.599711 0.637500 0.599711 0.634722 0.935822 0.623611 0.941377 0.623611 0.941377
0 0.026389 0.924711 0.972222 0.919155 0.973611 0.941377 0.026389 0.949711 0.026389 0.949711
0 0.970833 0.055266 0.973611 0.938600 0.962500 0.938600 0.959722 0.058044 0.959722 0.058044
0 0.704167 0.055266 0.973611 0.052488 0.970833 0.077488 0.704167 0.080266 0.704167 0.080266
0 0.704167 0.055266 0.704167 0.616377 0.718056 0.616377 0.715278 0.049711 0.715278 0.049711
