0 0.032813 0.045964 0.968750 0.043880 0.968750 0.062630 0.031250 0.062630 0.031250 0.062630
0 0.042188 0.062630 0.043750 0.427214 0.031250 0.429297 0.031250 0.066797 0.031250 0.066797
0 0.046875 0.412630 0.967187 0.410547 0.967187 0.425130 0.042188 0.425130 0.042188 0.425130
0 0.959375 0.062630 0.968750 0.062630 0.968750 0.408464 0.959375 0.406380 0.957812 0.406380
0 0.418750 0.064714 0.431250 0.064714 0.429688 0.406380 0.421875 0.406380 0.421875 0.406380
0 0.282813 0.427214 0.292187 0.427214 0.293750 0.941797 0.281250 0.939714 0.281250 0.939714
0 0.284375 0.945964 0.715625 0.941797 0.715625 0.958464 0.281250 0.958464 0.281250 0.958464
0 0.706250 0.428602 0.715625 0.428602 0.714063 0.941102 0.704688 0.941102 0.704688 0.939019
0 0.465625 0.422352 0.475000 0.422352 0.475000 0.941102 0.465625 0.943186 0.465625 0.943186
1 0.475000 0.041797 0.475000 0.064714 0.553125 0.066797 0.553125 0.041797 0.553125 0.041797
1 0.646875 0.191797 0.656250 0.191797 0.659375 0.329297 0.643750 0.329297 0.643750 0.329297
0 0.646875 0.064714 0.657813 0.066797 0.657813 0.412630 0.646875 0.412630 0.646875 0.412630
1 0.953125 0.236241 0.970313 0.236241 0.971875 0.321658 0.953125 0.319575 0.953125 0.319575
2 0.337500 0.411241 0.337500 0.432075 0.393750 0.432075 0.393750 0.411241 0.392188 0.407075 0.340625 0.411241 0.340625 0.411241
2 0.418750 0.215408 0.432812 0.211241 0.435937 0.284158 0.418750 0.286241 0.418750 0.286241
2 0.529687 0.409158 0.584375 0.409158 0.590625 0.427908 0.531250 0.423741 0.531250 0.423741
2 0.781250 0.409158 0.831250 0.411241 0.834375 0.434158 0.781250 0.432075 0.781250 0.432075
2 0.462500 0.635547 0.478125 0.637630 0.478125 0.708464 0.462500 0.708464 0.462500 0.708464
1 0.278125 0.650130 0.295312 0.650130 0.293750 0.783464 0.278125 0.783464 0.278125 0.783464
1 0.593750 0.937630 0.684375 0.937630 0.684375 0.962630 0.592187 0.962630 0.592187 0.962630
