0 0.339286 0.043359 0.960714 0.041276 0.960714 0.053776 0.341071 0.055859 0.341071 0.055859
0 0.339286 0.041276 0.341071 0.339193 0.353571 0.335026 0.351786 0.037109 0.351786 0.037109
0 0.035714 0.341276 0.960714 0.341276 0.958929 0.360026 0.039286 0.357943 0.039286 0.357943
0 0.962500 0.039193 0.951786 0.035026 0.953571 0.653776 0.964286 0.655859 0.964286 0.655859
0 0.037500 0.332943 0.048214 0.341276 0.050000 0.655859 0.037500 0.653776 0.037500 0.653776
0 0.037500 0.639193 0.953571 0.641276 0.955357 0.653776 0.041071 0.651693 0.041071 0.651693
0 0.505357 0.339193 0.521429 0.339193 0.521429 0.657943 0.510714 0.657943 0.510714 0.657943
1 0.537500 0.037109 0.537500 0.062109 0.644643 0.064193 0.644643 0.043359 0.644643 0.043359
1 0.292857 0.335026 0.294643 0.357943 0.387500 0.360026 0.385714 0.332943 0.385714 0.332943
1 0.030357 0.443359 0.053571 0.441276 0.057143 0.570443 0.033929 0.570443 0.033929 0.570443
2 0.450000 0.337109 0.448214 0.357943 0.382143 0.353776 0.382143 0.337109 0.382143 0.337109
2 0.716071 0.337109 0.716071 0.360026 0.778571 0.360026 0.778571 0.341276 0.778571 0.341276
2 0.505357 0.462109 0.525000 0.460026 0.525000 0.532943 0.505357 0.532943 0.505357 0.532943
2 0.708929 0.637109 0.708929 0.655859 0.764286 0.660026 0.767857 0.641276 0.767857 0.641276
