0 0.037500 0.051339 0.037500 0.066419 0.966071 0.066419 0.962500 0.042609 0.041071 0.047371 0.950000 0.066419 0.948214 0.471181 0.966071 0.468800 0.966071 0.071181 0.966071 0.071181
0 0.962500 0.471181 0.037500 0.471181 0.037500 0.449752 0.966071 0.447371 0.966071 0.442609 0.966071 0.442609
0 0.037500 0.068800 0.051786 0.068800 0.051786 0.473561 0.037500 0.471181 0.037500 0.471181 0.037500 0.471181
0 0.037500 0.935466 0.587500 0.933085 0.587500 0.956895 0.039286 0.952133 0.039286 0.952133
0 0.048214 0.952133 0.048214 0.475942 0.033929 0.475942 0.037500 0.954514 0.037500 0.954514
0 0.575000 0.475942 0.575000 0.947371 0.591071 0.952133 0.589286 0.475942 0.589286 0.473561
0 0.298214 0.473561 0.312500 0.468800 0.314286 0.933085 0.301786 0.933085 0.301786 0.933085
0 0.412500 0.071181 0.428571 0.071181 0.430357 0.444990 0.417857 0.447371 0.417857 0.447371
1 0.475000 0.047371 0.476786 0.071181 0.560714 0.073561 0.558929 0.042609 0.555357 0.042609 0.555357 0.042609
1 0.410714 0.130704 0.430357 0.133085 0.430357 0.249752 0.412500 0.247371 0.412500 0.247371
1 0.569643 0.685466 0.592857 0.687847 0.591071 0.790228 0.573214 0.790228 0.573214 0.787847
1 0.419643 0.928323 0.419643 0.949752 0.541071 0.956895 0.539286 0.925942 0.539286 0.925942
1 0.080357 0.928323 0.083929 0.959276 0.187500 0.956895 0.185714 0.925942 0.185714 0.928323
2 0.130357 0.447371 0.130357 0.478323 0.196429 0.471181 0.192857 0.447371 0.192857 0.447371
2 0.332143 0.447371 0.333929 0.473561 0.398214 0.471181 0.394643 0.447371 0.394643 0.447371
2 0.469643 0.449752 0.471429 0.473561 0.533929 0.475942 0.532143 0.442609 0.532143 0.442609
2 0.301786 0.671181 0.316071 0.671181 0.316071 0.754514 0.294643 0.754514 0.294643 0.752133
2 0.203571 0.937847 0.080357 0.937847 0.083929 0.956895 0.208929 0.956895 0.208929 0.956895
2 0.417857 0.294990 0.426786 0.297371 0.430357 0.254514 0.412500 0.256895 0.412500 0.256895
