0 0.032031 0.055729 0.971094 0.055729 0.967969 0.941840 0.035156 0.941840 0.028906 0.052951 0.044531 0.072396 0.042969 0.919618 0.958594 0.922396 0.955469 0.080729 0.047656 0.077951 0.047656 0.077951
0 0.027344 0.411285 0.517969 0.408507 0.514844 0.425174 0.035156 0.436285 0.035156 0.436285
0 0.502344 0.050174 0.505469 0.941840 0.517969 0.941840 0.517969 0.047396 0.517969 0.047396
0 0.503906 0.533507 0.966406 0.530729 0.971094 0.541840 0.507031 0.552951 0.507031 0.552951
1 0.283594 0.047396 0.285156 0.080729 0.366406 0.086285 0.360156 0.050174 0.360156 0.050174
1 0.502344 0.147396 0.519531 0.147396 0.524219 0.352951 0.500781 0.352951 0.500781 0.352951
1 0.697656 0.522396 0.696094 0.552951 0.771094 0.555729 0.771094 0.530729 0.771094 0.530729
1 0.502344 0.577951 0.521094 0.580729 0.519531 0.777951 0.502344 0.777951 0.502344 0.777951
2 0.255469 0.408507 0.257031 0.433507 0.316406 0.439063 0.313281 0.400174 0.313281 0.400174
2 0.500781 0.433507 0.519531 0.436285 0.519531 0.508507 0.502344 0.508507 0.502344 0.508507
2 0.511719 0.802951 0.519531 0.775174 0.503906 0.775174 0.507031 0.805729 0.507031 0.805729
